11111010000000000001101010
11111010000000000001111111
11111010000000000001111010
11111010000000000001001100
11111010000000000001110000
11111010000000000001001101
11111010000000000001110001
11111010000000000001001111
11111010000000000001110011
11111010000000000001011111
11111010000000000001110111
11111010001111111111110111
11111010000000000001001110
11111010000000000001110010
11111010000000000001000010
11111010000000000001010011
11111010000000000001000111
11111010000000000001000000
11111010000000000001010101
10000000001000000000000010
10000000000000000001000010